15 19783  0.116 0 0  0 0 0   4.609036469357952e-05  
15 19782  0.1159823326381414 0.002024479146724887 0  0.0174532925199433 0 0   0.0001099548464136489  
15 19780  0.1159293359342151 0.004048341617490112 0  0.03490658503988659 0 0   0.0003920475878916375  
15 19225  0.1158410260315306 0.006070970924181485 0  0.05235987755982989 0 0   -0.01587551678065063  
15 19224  0.1157174298301396 0.008091750954318536 0  0.06981317007977318 0 0   -0.04768763909180002  
15 19223  0.1155585849786425 0.01011006615872835 0  0.08726646259971647 0 0   -0.1152112648618631  
15 19222  0.1153645398627197 0.0121253017390478 0  0.1047197551196598 0 0   -0.1645499503852924  
15 19771  0.1151353535903934 0.01413684383499711 0  0.1221730476396031 0 0   -0.1682822766682407  
15 19769  0.1148710959740222 0.01614407971136759 0  0.1396263401595464 0 0   -0.1679514839508692  
15 19768  0.114571847509036 0.01814639794466678 0  0.1570796326794897 0 0   -0.1684847500733072  
15 19766  0.1142376993494161 0.02014318860936392 0  0.1745329251994329 0 0   -0.1337675451987869  
15 19218  0.113868753279929 0.0221338434636792 0  0.1919862177193762 0 0   -0.1149900322619757  
15 19217  0.1134651216851215 0.02411775613486008 0  0.2094395102393195 0 0   -0.1561520508987545  
15 19216  0.1130269275150873 0.02609432230388834 0  0.2268928027592628 0 0   -0.2823144419855347  
15 19215  0.1125543042480156 0.02806293988956145 0  0.2443460952792061 0 0   -0.3326753810897956  
15 19214  0.1120473958495319 0.03002300923189241 0  0.2617993877991494 0 0   -0.3345060258926281  
15 19755  0.111506356728845 0.0319739332747719 0  0.2792526803190927 0 0   -0.333214171725959  
15 19753  0.1109313516917121 0.03391511774783747 0  0.296705972839036 0 0   -0.2699546727073275  
15 19752  0.1103225558902378 0.03584597134749391 0  0.3141592653589794 0 0   -0.2135724775239802  
15 19750  0.1096801547695207 0.03776590591703018 0  0.3316125578789227 0 0   -0.1995799272191298  
15 19210  0.1090043440111654 0.03967433662577759 0  0.349065850398866 0 0   -0.2978844149730452  
15 19209  0.1082953294736754 0.04157068214725484 0  0.3665191429188093 0 0   -0.4660399739039585  
15 19208  0.1075533271297473 0.04345436483624582 0  0.3839724354387526 0 0   -0.5003531163343699  
15 19207  0.1067785630004831 0.04532481090475577 0  0.401425727958696 0 0   -0.5001341942258793  
15 19206  0.1059712730865417 0.04718145059679284 0  0.4188790204786393 0 0   -0.4669175726580974  
15 19739  0.1051317032962514 0.04902371836192115 0  0.4363323129985826 0 0   -0.3129369348975649  
15 19737  0.1042601093707034 0.050851053027533 0  0.4537856055185259 0 0   -0.2813115908658733  
15 19736  0.1033567568058507 0.05266289796978746 0  0.4712388980384692 0 0   -0.3137187389261277  
15 19734  0.1024219207716355 0.05445870128316336 0  0.4886921905584126 0 0   -0.6263232074786238  
15 19202  0.1014558860281699 0.05623791594857512 0  0.5061454830783558 0 0   -0.6453790606818032  
15 19201  0.1004589468389949 0.05800000000000003 0  0.5235987755982991 0 0   -0.6657275199107331  
15 19200  0.09943140688144501 0.05974441668956632 0  0.5410520681182425 0 0   -0.6672255647207922  
15 19199  0.09837357915414541 0.06147063465105181 0  0.5585053606381858 0 0   -0.5545220014571635  
15 19725  0.09728578588166917 0.06317812806174318 0  0.5759586531581291 0 0   -0.2669285677998814  
15 19723  0.09616835841638482 0.06486637680260667 0  0.5934119456780724 0 0   -0.1685035517032039  
15 19721  0.09502163713752303 0.06653486661672138 0  0.6108652381980157 0 0   -0.2161897151173392  
15 19720  0.09384597134749388 0.06818308926592692 0  0.6283185307179591 0 0   -0.2073022024576671  
15 19718  0.09264171916548594 0.06981054268563765 0  0.6457718232379024 0 0   -0.1352276187206051  
15 19194  0.09140924741837972 0.0714167311377764 0  0.6632251157578457 0 0   -0.107947833281895  
15 19193  0.09014893152900859 0.0730011653617812 0  0.680678408277789 0 0   -0.08271267220196507  
15 19192  0.08886115540180141 0.07456336272363862 0  0.6981317007977323 0 0   -0.06095525498046778  
15 19191  0.08754631130584152 0.07610284736289889 0  0.7155849933176757 0 0   -0.05562560566808071  
15 19709  0.0862047997553777 0.0776191503376276 0  0.733038285837619 0 0   -0.07221895909507126  
15 19707  0.08483702938782374 0.07911180976724988 0  0.7504915783575623 0 0   -0.1157655201164979  
15 19706  0.0834434168392835 0.08058037097324373 0  0.7679448708775056 0 0   -0.1095170517052235  
15 19704  0.08202438661763947 0.08202438661763957 0  0.7853981633974489 0 0   -0.1009034137691932  
15 19702  0.08058037097324364 0.08344341683928359 0  0.8028514559173923 0 0   -0.1095093132365958  
15 19701  0.07911180976724977 0.08483702938782382 0  0.8203047484373356 0 0   -0.1157543518975497  
15 19699  0.07761915033762749 0.08620479975537779 0  0.8377580409572789 0 0   -0.07220792041709588  
15 19184  0.07610284736289878 0.0875463113058416 0  0.8552113334772222 0 0   -0.05561051819965939  
15 19183  0.07456336272363849 0.08886115540180152 0  0.8726646259971655 0 0   -0.06091975626977932  
15 19182  0.07300116536178107 0.09014893152900869 0  0.8901179185171089 0 0   -0.08264469631059793  
15 19181  0.07141673113777629 0.09140924741837982 0  0.9075712110370522 0 0   -0.1078479422276651  
15 19690  0.06981054268563752 0.09264171916548604 0  0.9250245035569955 0 0   -0.1351024685913762  
15 19688  0.06818308926592681 0.09384597134749396 0  0.9424777960769388 0 0   -0.2070693349815556  
15 19687  0.06653486661672127 0.09502163713752311 0  0.9599310885968821 0 0   -0.2159206209840216  
15 19685  0.06486637680260655 0.09616835841638489 0  0.9773843811168255 0 0   -0.1682168423816319  
15 19683  0.06317812806174306 0.09728578588166925 0  0.9948376736367688 0 0   -0.2668434102913625  
15 19176  0.06147063465105168 0.09837357915414548 0  1.012290966156712 0 0   -0.5545522430198238  
15 19175  0.0597444166895662 0.09943140688144508 0  1.029744258676655 0 0   -0.6672395799399268  
15 19174  0.0579999999999999 0.100458946838995 0  1.047197551196599 0 0   -0.6657363143898927  
15 19173  0.05623791594857499 0.10145588602817 0  1.064650843716542 0 0   -0.6453875452607777  
15 19674  0.05445870128316323 0.1024219207716356 0  1.082104136236485 0 0   -0.6263314080360072  
15 19672  0.05266289796978732 0.1033567568058507 0  1.099557428756429 0 0   -0.3137227645134895  
15 19671  0.05085105302753287 0.1042601093707034 0  1.117010721276372 0 0   -0.2813151647655741  
15 19669  0.04902371836192102 0.1051317032962514 0  1.134464013796315 0 0   -0.3129407817970131  
15 19169  0.04718145059679271 0.1059712730865418 0  1.151917306316259 0 0   -0.4669232498696516  
15 19168  0.04532481090475563 0.1067785630004831 0  1.169370598836202 0 0   -0.5001402467074046  
15 19167  0.04345436483624567 0.1075533271297474 0  1.186823891356145 0 0   -0.5003591323671632  
15 19166  0.04157068214725471 0.1082953294736755 0  1.204277183876089 0 0   -0.4660455705570464  
15 19165  0.03967433662577743 0.1090043440111654 0  1.221730476396032 0 0   -0.2978881661089059  
15 19658  0.03776590591703004 0.1096801547695208 0  1.239183768915975 0 0   -0.1995826909727603  
15 19656  0.03584597134749377 0.1103225558902379 0  1.256637061435919 0 0   -0.2135759541025686  
15 19655  0.03391511774783732 0.1109313516917122 0  1.274090353955862 0 0   -0.2699592526442461  
15 19653  0.03197393327477176 0.111506356728845 0  1.291543646475805 0 0   -0.3332198395335885  
15 19161  0.03002300923189226 0.112047395849532 0  1.308996938995749 0 0   -0.3345115240127196  
15 19160  0.02806293988956131 0.1125543042480156 0  1.326450231515692 0 0   -0.3326805899902313  
15 19159  0.02609432230388819 0.1130269275150873 0  1.343903524035635 0 0   -0.2823187532597304  
15 19158  0.02411775613485992 0.1134651216851215 0  1.361356816555578 0 0   -0.1561547151062544  
15 19157  0.02213384346367903 0.1138687532799291 0  1.378810109075522 0 0   -0.1149926805523981  
15 19642  0.02014318860936375 0.1142376993494162 0  1.396263401595465 0 0   -0.1337713309238543  
15 19640  0.01814639794466661 0.114571847509036 0  1.413716694115408 0 0   -0.1684896969738863  
15 19639  0.01614407971136742 0.1148710959740222 0  1.431169986635352 0 0   -0.1679564083064365  
15 19637  0.01413684383499693 0.1151353535903934 0  1.448623279155295 0 0   -0.1682872064010386  
15 19153  0.01212530173904762 0.1153645398627197 0  1.466076571675238 0 0   -0.1645530085666445  
15 19152  0.01011006615872816 0.1155585849786425 0  1.483529864195182 0 0   -0.1151463636459709  
15 19151  0.008091750954318347 0.1157174298301396 0  1.500983156715125 0 0   -0.04757465320320524  
15 19150  0.006070970924181294 0.1158410260315306 0  1.518436449235068 0 0   -0.0158257552933606  
15 19628  0.00404834161748992 0.1159293359342151 0  1.535889741755012 0 0   0.0003865781749223158  
15 19626  0.002024479146724691 0.1159823326381414 0  1.553343034274955 0 0   0.0001049084396450807  
15 19624  -1.989546765182593e-16 0.116 0  1.570796326794898 0 0   -3.950558476265034e-05  
15 19623  -0.00202447914672509 0.1159823326381414 0  1.588249619314842 0 0   -0.0001032692075635081  
15 19621  -0.004048341617490317 0.1159293359342151 0  1.605702911834785 0 0   -0.000384954129428244  
15 19145  -0.006070970924181692 0.1158410260315306 0  1.623156204354728 0 0   0.01582675981610006  
15 19144  -0.008091750954318746 0.1157174298301396 0  1.640609496874672 0 0   0.04757545303835919  
15 19143  -0.01011006615872856 0.1155585849786425 0  1.658062789394615 0 0   0.1151475640124282  
15 19142  -0.01212530173904802 0.1153645398627197 0  1.675516081914558 0 0   0.1645546025090711  
15 19612  -0.01413684383499733 0.1151353535903933 0  1.692969374434502 0 0   0.1682888241383356  
15 19610  -0.01614407971136781 0.1148710959740221 0  1.710422666954445 0 0   0.1679580083359806  
15 19609  -0.018146397944667 0.1145718475090359 0  1.727875959474388 0 0   0.1684912960987021  
15 19607  -0.02014318860936415 0.1142376993494161 0  1.745329251994332 0 0   0.1337725414326334  
15 19138  -0.02213384346367942 0.113868753279929 0  1.762782544514275 0 0   0.1149935215087897  
15 19137  -0.02411775613486031 0.1134651216851214 0  1.780235837034218 0 0   0.1561555103464061  
15 19136  -0.02609432230388857 0.1130269275150872 0  1.797689129554161 0 0   0.2823198963662653  
15 19135  -0.02806293988956169 0.1125543042480155 0  1.815142422074105 0 0   0.3326816910808032  
15 19134  -0.03002300923189265 0.1120473958495319 0  1.832595714594048 0 0   0.3345123464197952  
15 19596  -0.03197393327477215 0.1115063567288449 0  1.850049007113991 0 0   0.333220445979832  
15 19594  -0.0339151177478377 0.110931351691712 0  1.867502299633935 0 0   0.2699596526399493  
15 19593  -0.03584597134749413 0.1103225558902377 0  1.884955592153878 0 0   0.2135762275140612  
15 19591  -0.03776590591703041 0.1096801547695207 0  1.902408884673821 0 0   0.199582851094159  
15 19130  -0.03967433662577782 0.1090043440111653 0  1.919862177193765 0 0   0.2978883302754792  
15 19129  -0.04157068214725507 0.1082953294736753 0  1.937315469713708 0 0   0.4660459034946272  
15 19128  -0.04345436483624604 0.1075533271297472 0  1.954768762233651 0 0   0.500359503419967  
15 19127  -0.045324810904756 0.106778563000483 0  1.972222054753595 0 0   0.5001404663792693  
15 19126  -0.04718145059679307 0.1059712730865416 0  1.989675347273538 0 0   0.4669233619919681  
15 19580  -0.04902371836192135 0.1051317032962513 0  2.007128639793481 0 0   0.3129408258061637  
15 19578  -0.05085105302753318 0.1042601093707033 0  2.024581932313424 0 0   0.2813145879396205  
15 19577  -0.0526628979697876 0.1033567568058506 0  2.042035224833367 0 0   0.3137216699113154  
15 19575  -0.05445870128316348 0.1024219207716354 0  2.05948851735331 0 0   0.6263283101598979  
15 19122  -0.05623791594857523 0.1014558860281699 0  2.076941809873253 0 0   0.6453849455355198  
15 19121  -0.05800000000000012 0.1004589468389948 0  2.094395102393197 0 0   0.6657333366407705  
15 19120  -0.05974441668956638 0.09943140688144497 0  2.11184839491314 0 0   0.6672321612233992  
15 19119  -0.06147063465105185 0.09837357915414538 0  2.129301687433083 0 0   0.5545278568186125  
15 19566  -0.06317812806174319 0.09728578588166915 0  2.146754979953026 0 0   0.2669304060741506  
15 19564  -0.06486637680260667 0.09616835841638482 0  2.164208272472969 0 0   0.1685035366483777  
15 19562  -0.06653486661672135 0.09502163713752304 0  2.181661564992912 0 0   0.2161874987986595  
15 19561  -0.06818308926592688 0.09384597134749391 0  2.199114857512855 0 0   0.2072990132826806  
15 19559  -0.06981054268563758 0.092641719165486 0  2.216568150032798 0 0   0.1352226507181905  
15 19114  -0.07141673113777632 0.09140924741837979 0  2.234021442552741 0 0   0.1079420456440008  
15 19113  -0.07300116536178108 0.09014893152900869 0  2.251474735072684 0 0   0.08270613739993674  
15 19112  -0.07456336272363849 0.08886115540180152 0  2.268928027592628 0 0   0.06094995521070593  
15 19111  -0.07610284736289875 0.08754631130584163 0  2.286381320112571 0 0   0.05562312275030987  
15 19550  -0.07761915033762744 0.08620479975537784 0  2.303834612632514 0 0   0.07222478114850282  
15 19548  -0.07911180976724971 0.08483702938782389 0  2.321287905152457 0 0   0.1157951563643896  
15 19547  -0.08058037097324354 0.08344341683928368 0  2.3387411976724 0 0   0.1095586697246476  
15 19545  -0.08202438661763937 0.08202438661763967 0  2.356194490192343 0 0   0.100872843903645  
15 19543  -0.08344341683928337 0.08058037097324387 0  2.373647782712286 0 0   0.1095075875492089  
15 19542  -0.0848370293878236 0.07911180976725002 0  2.391101075232229 0 0   0.1158680008259651  
15 19540  -0.08620479975537754 0.07761915033762777 0  2.408554367752172 0 0   0.07209485108842482  
15 19104  -0.08754631130584135 0.07610284736289907 0  2.426007660272115 0 0   0.05578443443301986  
15 19103  -0.08886115540180124 0.07456336272363881 0  2.443460952792059 0 0   0.06101792845463401  
15 19102  -0.09014893152900839 0.07300116536178143 0  2.460914245312002 0 0   0.08255196244958155  
15 19101  -0.09140924741837951 0.07141673113777666 0  2.478367537831945 0 0   0.1074943925234475  
15 19531  -0.09264171916548573 0.06981054268563792 0  2.495820830351888 0 0   0.1348342208942203  
15 19529  -0.09384597134749365 0.06818308926592724 0  2.513274122871831 0 0   0.2071929644099977  
15 19528  -0.09502163713752279 0.06653486661672171 0  2.530727415391774 0 0   0.2162829400705889  
15 19526  -0.09616835841638458 0.06486637680260703 0  2.548180707911717 0 0   0.1682699979729068  
15 19524  -0.09728578588166892 0.06317812806174355 0  2.56563400043166 0 0   0.2666078448302204  
15 19096  -0.09837357915414514 0.06147063465105221 0  2.583087292951603 0 0   0.5545736838397692  
15 19095  -0.09943140688144475 0.05974441668956675 0  2.600540585471546 0 0   0.6672545981267968  
15 19094  -0.1004589468389946 0.0580000000000005 0  2.61799387799149 0 0   0.6657439824639938  
15 19093  -0.1014558860281696 0.05623791594857561 0  2.635447170511433 0 0   0.6453949888971309  
15 19515  -0.1024219207716352 0.05445870128316387 0  2.652900463031376 0 0   0.6263386879156654  
15 19513  -0.1033567568058504 0.05266289796978799 0  2.670353755551319 0 0   0.3137264483784856  
15 19512  -0.1042601093707031 0.05085105302753357 0  2.687807048071262 0 0   0.2813184727455311  
15 19510  -0.1051317032962511 0.04902371836192175 0  2.705260340591205 0 0   0.3129445036089377  
15 19089  -0.1059712730865414 0.04718145059679346 0  2.722713633111148 0 0   0.4669288302452241  
15 19088  -0.1067785630004828 0.04532481090475642 0  2.740166925631091 0 0   0.5001462264363388  
15 19087  -0.1075533271297471 0.04345436483624649 0  2.757620218151034 0 0   0.5003651128402603  
15 19086  -0.1082953294736751 0.04157068214725555 0  2.775073510670977 0 0   0.4660511580801861  
15 19085  -0.1090043440111651 0.03967433662577832 0  2.792526803190921 0 0   0.2978919191293811  
15 19499  -0.1096801547695205 0.03776590591703095 0  2.809980095710864 0 0   0.1995854963799091  
15 19497  -0.1103225558902376 0.0358459713474947 0  2.827433388230807 0 0   0.2135795190829686  
15 19496  -0.1109313516917119 0.03391511774783829 0  2.84488668075075 0 0   0.2699639739829339  
15 19494  -0.1115063567288447 0.03197393327477276 0  2.862339973270693 0 0   0.333225768158881  
15 19081  -0.1120473958495317 0.03002300923189328 0  2.879793265790636 0 0   0.3345174383141154  
15 19080  -0.1125543042480154 0.02806293988956236 0  2.897246558310579 0 0   0.3326864168571833  
15 19079  -0.1130269275150871 0.02609432230388927 0  2.914699850830522 0 0   0.2823237320342366  
15 19078  -0.1134651216851213 0.02411775613486104 0  2.932153143350465 0 0   0.1561578435796602  
15 19077  -0.1138687532799288 0.02213384346368018 0  2.949606435870408 0 0   0.1149958026330904  
15 19483  -0.114237699349416 0.02014318860936493 0  2.967059728390351 0 0   0.1337757786871151  
15 19481  -0.1145718475090358 0.01814639794466781 0  2.984513020910295 0 0   0.1684955164972828  
15 19480  -0.114871095974022 0.01614407971136865 0  3.001966313430238 0 0   0.1679622049928346  
15 19478  -0.1151353535903932 0.01413684383499819 0  3.019419605950181 0 0   0.1682930084745681  
15 19073  -0.1153645398627196 0.01212530173904891 0  3.036872898470124 0 0   0.1645586887816663  
15 19072  -0.1155585849786424 0.01011006615872948 0  3.054326190990067 0 0   0.1151506323449572  
15 19071  -0.1157174298301395 0.008091750954319691 0  3.07177948351001 0 0   0.04757748062677779  
15 19070  -0.1158410260315305 0.006070970924182665 0  3.089232776029953 0 0   0.01582928908167493  
15 19469  -0.1159293359342151 0.004048341617491317 0  3.106686068549896 0 0   -0.0003808723386146983  
15 19467  -0.1159823326381414 0.002024479146726115 0  3.124139361069839 0 0   -9.915589298695827e-05  
15 19465  -0.116 1.250549793926914e-15 0  3.141592653589782 0 0   4.525235577973376e-05  
15 19464  -0.1159823326381414 -0.002024479146723614 0  3.159045946109726 0 0   0.0001090199131964436  
15 19462  -0.1159293359342152 -0.004048341617488817 0  3.176499238629669 0 0   0.0003906552595986588  
15 19065  -0.1158410260315307 -0.006070970924180167 0  3.193952531149612 0 0   -0.01582323021902714  
15 19064  -0.1157174298301397 -0.008091750954317196 0  3.211405823669555 0 0   -0.04757263194864064  
15 19063  -0.1155585849786426 -0.01011006615872699 0  3.228859116189498 0 0   -0.1151433086267479  
15 19062  -0.1153645398627199 -0.01212530173904642 0  3.246312408709441 0 0   -0.1645489431196647  
15 19453  -0.1151353535903935 -0.01413684383499571 0  3.263765701229384 0 0   -0.1682830474150769  
15 19451  -0.1148710959740224 -0.01614407971136617 0  3.281218993749327 0 0   -0.1679522417766395  
15 19450  -0.1145718475090362 -0.01814639794466534 0  3.29867228626927 0 0   -0.1684855091217647  
15 19448  -0.1142376993494164 -0.02014318860936246 0  3.316125578789213 0 0   -0.1337681193853577  
15 19058  -0.1138687532799293 -0.02213384346367772 0  3.333578871309157 0 0   -0.1149904226129387  
15 19057  -0.1134651216851218 -0.02411775613485859 0  3.3510321638291 0 0   -0.1561524176493221  
15 19056  -0.1130269275150876 -0.02609432230388683 0  3.368485456349043 0 0   -0.2823150021664556  
15 19055  -0.112554304248016 -0.02806293988955993 0  3.385938748868986 0 0   -0.3326760224739768  
15 19054  -0.1120473958495323 -0.03002300923189087 0  3.403392041388929 0 0   -0.3345066627291229  
15 19437  -0.1115063567288454 -0.03197393327477036 0  3.420845333908872 0 0   -0.3332147979070877  
15 19435  -0.1109313516917126 -0.0339151177478359 0  3.438298626428815 0 0   -0.2699551675199026  
15 19434  -0.1103225558902383 -0.03584597134749232 0  3.455751918948758 0 0   -0.2135728490688222  
15 19432  -0.1096801547695213 -0.03776590591702858 0  3.473205211468701 0 0   -0.1995802142934746  
15 19050  -0.109004344011166 -0.03967433662577597 0  3.490658503988644 0 0   -0.2978847860309111  
15 19049  -0.108295329473676 -0.04157068214725321 0  3.508111796508588 0 0   -0.4660405431727069  
15 19048  -0.107553327129748 -0.04345436483624417 0  3.525565089028531 0 0   -0.5003538118248393  
15 19047  -0.1067785630004838 -0.04532481090475412 0  3.543018381548474 0 0   -0.5001348736359351  
15 19046  -0.1059712730865424 -0.04718145059679118 0  3.560471674068417 0 0   -0.4669183084899211  
15 19421  -0.1051317032962522 -0.04902371836191948 0  3.57792496658836 0 0   -0.3129372284745408  
15 19419  -0.1042601093707042 -0.05085105302753132 0  3.595378259108303 0 0   -0.2813119018798586  
15 19418  -0.1033567568058515 -0.05266289796978577 0  3.612831551628246 0 0   -0.3137191702857023  
15 19416  -0.1024219207716364 -0.05445870128316166 0  3.630284844148189 0 0   -0.6263240943169665  
15 19042  -0.1014558860281708 -0.05623791594857342 0  3.647738136668132 0 0   -0.6453797584207754  
15 19041  -0.1004589468389959 -0.05799999999999832 0  3.665191429188075 0 0   -0.6657277942700683  
15 19040  -0.09943140688144604 -0.05974441668956461 0  3.682644721708018 0 0   -0.6672249549384476  
15 19039  -0.09837357915414648 -0.0614706346510501 0  3.700098014227962 0 0   -0.5545222360589921  
15 19407  -0.09728578588167029 -0.06317812806174146 0  3.717551306747905 0 0   -0.2669287398302945  
15 19405  -0.09616835841638598 -0.06486637680260496 0  3.735004599267848 0 0   -0.1685024162093816  
15 19403  -0.09502163713752422 -0.06653486661671967 0  3.752457891787791 0 0   -0.2161860907427413  
15 19402  -0.09384597134749513 -0.0681830892659252 0  3.769911184307734 0 0   -0.2072976424227958  
15 19400  -0.09264171916548723 -0.06981054268563593 0  3.787364476827677 0 0   -0.1352217090488926  
15 19034  -0.09140924741838106 -0.07141673113777469 0  3.80481776934762 0 0   -0.1079412696531473  
15 19033  -0.09014893152900998 -0.07300116536177947 0  3.822271061867563 0 0   -0.08270549033176336  
15 19032  -0.08886115540180284 -0.07456336272363691 0  3.839724354387506 0 0   -0.06094947226096084  
15 19031  -0.08754631130584301 -0.0761028473628972 0  3.857177646907449 0 0   -0.05562278074838547  
15 19391  -0.08620479975537922 -0.07761915033762591 0  3.874630939427393 0 0   -0.07222444999319591  
15 19389  -0.08483702938782531 -0.07911180976724819 0  3.892084231947336 0 0   -0.1157946775768395  
15 19388  -0.08344341683928512 -0.08058037097324207 0  3.909537524467279 0 0   -0.109558211510453  
15 19386  -0.08202438661764114 -0.0820243866176379 0  3.926990816987222 0 0   -0.1008724170290729  
15 19384  -0.08058037097324534 -0.08344341683928193 0  3.944444109507165 0 0   -0.1095071471506404  
15 19383  -0.07911180976725155 -0.0848370293878222 0  3.961897402027108 0 0   -0.1158675510495211  
15 19381  -0.07761915033762931 -0.08620479975537616 0  3.979350694547051 0 0   -0.07209453872409892  
15 19024  -0.07610284736290064 -0.08754631130583999 0  3.996803987066994 0 0   -0.05578412499666077  
15 19023  -0.07456336272364039 -0.08886115540179991 0  4.014257279586937 0 0   -0.06101750333395591  
15 19022  -0.07300116536178304 -0.09014893152900709 0  4.03171057210688 0 0   -0.08255140582655812  
15 19021  -0.0714167311377783 -0.09140924741837825 0  4.049163864626824 0 0   -0.1074937409690287  
15 19372  -0.06981054268563958 -0.0926417191654845 0  4.066617157146767 0 0   -0.1348334416592665  
15 19370  -0.06818308926592889 -0.09384597134749244 0  4.08407044966671 0 0   -0.2071918277726908  
15 19369  -0.06653486661672341 -0.09502163713752161 0  4.101523742186653 0 0   -0.2162817533680624  
15 19367  -0.06486637680260875 -0.09616835841638342 0  4.118977034706596 0 0   -0.1682690132374473  
15 19365  -0.06317812806174529 -0.09728578588166781 0  4.136430327226539 0 0   -0.2666060360186326  
15 19016  -0.06147063465105397 -0.09837357915414405 0  4.153883619746482 0 0   -0.5545710237125745  
15 19015  -0.05974441668956853 -0.09943140688144368 0  4.171336912266425 0 0   -0.6672509733398599  
15 19014  -0.05800000000000229 -0.1004589468389936 0  4.188790204786368 0 0   -0.6657396176010997  
15 19013  -0.05623791594857742 -0.1014558860281686 0  4.206243497306311 0 0   -0.6453909872942998  
15 19356  -0.05445870128316569 -0.1024219207716343 0  4.223696789826255 0 0   -0.6263341715630927  
15 19354  -0.05266289796978983 -0.1033567568058495 0  4.241150082346198 0 0   -0.3137240964005199  
15 19353  -0.05085105302753543 -0.1042601093707022 0  4.258603374866141 0 0   -0.2813164619053226  
15 19351  -0.04902371836192362 -0.1051317032962502 0  4.276056667386084 0 0   -0.3129418914026444  
15 19009  -0.04718145059679536 -0.1059712730865406 0  4.293509959906027 0 0   -0.4669244167132672  
15 19008  -0.04532481090475833 -0.106778563000482 0  4.31096325242597 0 0   -0.5001415132182236  
15 19007  -0.04345436483624841 -0.1075533271297463 0  4.328416544945913 0 0   -0.5003605083271521  
15 19006  -0.04157068214725748 -0.1082953294736744 0  4.345869837465856 0 0   -0.4660468068626056  
15 19005  -0.03967433662578027 -0.1090043440111644 0  4.363323129985799 0 0   -0.297888916012298  
15 19340  -0.0377659059170329 -0.1096801547695198 0  4.380776422505742 0 0   -0.1995832252247301  
15 19338  -0.03584597134749667 -0.1103225558902369 0  4.398229715025685 0 0   -0.2135765354325969  
15 19337  -0.03391511774784026 -0.1109313516917113 0  4.415683007545629 0 0   -0.2699598381525489  
15 19335  -0.03197393327477475 -0.1115063567288442 0  4.433136300065572 0 0   -0.333221811566244  
15 19001  -0.03002300923189528 -0.1120473958495312 0  4.450589592585515 0 0   -0.3345123570598451  
15 19000  -0.02806293988956437 -0.1125543042480149 0  4.468042885105458 0 0   -0.3326816050557116  
15 18999  -0.02609432230389128 -0.1130269275150866 0  4.485496177625401 0 0   -0.2823195820234076  
15 18998  -0.02411775613486306 -0.1134651216851208 0  4.502949470145344 0 0   -0.1561552157210918  
15 18997  -0.02213384346368221 -0.1138687532799284 0  4.520402762665287 0 0   -0.1149931676725883  
15 19324  -0.02014318860936696 -0.1142376993494156 0  4.53785605518523 0 0   -0.1337720201999884  
15 19322  -0.01814639794466986 -0.1145718475090355 0  4.555309347705173 0 0   -0.1684905944885423  
15 19321  -0.01614407971137069 -0.1148710959740217 0  4.572762640225116 0 0   -0.167957300768085  
15 19319  -0.01413684383500024 -0.115135353590393 0  4.59021593274506 0 0   -0.1682880962349747  
15 18993  -0.01212530173905097 -0.1153645398627194 0  4.607669225265003 0 0   -0.1645538769873508  
15 18992  -0.01011006615873154 -0.1155585849786422 0  4.625122517784946 0 0   -0.115147014857459  
15 18991  -0.008091750954321754 -0.1157174298301394 0  4.642575810304889 0 0   -0.04757508272080792  
15 18990  -0.00607097092418473 -0.1158410260315304 0  4.660029102824832 0 0   -0.01582629066875866  
15 19310  -0.004048341617493383 -0.115929335934215 0  4.677482395344775 0 0   0.0003857149362040429  
15 19308  -0.002024479146728182 -0.1159823326381413 0  4.694935687864718 0 0   0.000104039457301079  
15 19943  -3.318226444483374e-15 -0.116 0  4.712388980384661 0 0   4.027577434434724e-05  
15 19941  0.002024479146721547 -0.1159823326381414 0  4.729842272904604 0 0   -0.0001041363671069746  
15 19939  0.004048341617486751 -0.1159293359342152 0  4.747295565424547 0 0   -0.0003858127893201232  
15 19305  0.006070970924178102 -0.1158410260315307 0  4.764748857944491 0 0   0.0158262287233934  
15 19304  0.008091750954315134 -0.1157174298301399 0  4.782202150464434 0 0   0.04757503005499601  
15 19303  0.01011006615872493 -0.1155585849786428 0  4.799655442984377 0 0   0.115146926530685  
15 19302  0.01212530173904437 -0.1153645398627201 0  4.81710873550432 0 0   0.164553755014058  
15 19930  0.01413684383499366 -0.1151353535903938 0  4.834562028024263 0 0   0.1682879596630645  
15 19928  0.01614407971136412 -0.1148710959740226 0  4.852015320544206 0 0   0.1679571459693643  
15 19927  0.0181463979446633 -0.1145718475090365 0  4.869468613064149 0 0   0.1684904309765209  
15 19925  0.02014318860936043 -0.1142376993494168 0  4.886921905584092 0 0   0.1337718789442514  
15 19298  0.0221338434636757 -0.1138687532799297 0  4.904375198104035 0 0   0.1149930588824427  
15 19297  0.02411775613485657 -0.1134651216851222 0  4.921828490623978 0 0   0.1561550507194435  
15 19296  0.02609432230388482 -0.1130269275150881 0  4.939281783143922 0 0   0.2823191682578494  
15 19295  0.02806293988955793 -0.1125543042480165 0  4.956735075663865 0 0   0.3326808487497637  
15 19294  0.03002300923188887 -0.1120473958495329 0  4.974188368183808 0 0   0.3345115040878171  
15 19914  0.03197393327476836 -0.111506356728846 0  4.991641660703751 0 0   0.3332196124174493  
15 19912  0.03391511774783391 -0.1109313516917132 0  5.009094953223694 0 0   0.2699589876721579  
15 19911  0.03584597134749035 -0.110322555890239 0  5.026548245743637 0 0   0.2135757285701649  
15 19909  0.03776590591702662 -0.109680154769522 0  5.04400153826358 0 0   0.1995824670336365  
15 19290  0.03967433662577403 -0.1090043440111667 0  5.061454830783523 0 0   0.2978878045628129  
15 19289  0.04157068214725129 -0.1082953294736768 0  5.078908123303466 0 0   0.4660450136741527  
15 19288  0.04345436483624225 -0.1075533271297488 0  5.096361415823409 0 0   0.5003585043856751  
15 19287  0.04532481090475222 -0.1067785630004846 0  5.113814708343352 0 0   0.5001395786063383  
15 19286  0.04718145059678929 -0.1059712730865433 0  5.131268000863296 0 0   0.4669225733817774  
15 19898  0.04902371836191761 -0.105131703296253 0  5.148721293383239 0 0   0.3129401219957768  
15 19896  0.05085105302752947 -0.1042601093707051 0  5.166174585903182 0 0   0.2813140476109042  
15 19895  0.05266289796978392 -0.1033567568058525 0  5.183627878423125 0 0   0.3137213294262317  
15 19893  0.05445870128315983 -0.1024219207716374 0  5.201081170943068 0 0   0.6263279298522394  
15 19282  0.05623791594857161 -0.1014558860281718 0  5.218534463463011 0 0   0.6453839143335396  
15 19281  0.05799999999999653 -0.1004589468389969 0  5.235987755982954 0 0   0.6657325175002019  
15 19280  0.05974441668956283 -0.09943140688144711 0  5.253441048502897 0 0   0.6672305914200857  
15 19279  0.06147063465104834 -0.09837357915414757 0  5.27089434102284 0 0   0.5545262347347941  
15 19884  0.06317812806173974 -0.09728578588167142 0  5.288347633542783 0 0   0.2669302080262449  
15 19882  0.06486637680260324 -0.09616835841638714 0  5.305800926062727 0 0   0.1685033169492278  
15 19880  0.06653486661671797 -0.09502163713752543 0  5.32325421858267 0 0   0.2161872293848053  
15 19879  0.06818308926592354 -0.09384597134749634 0  5.340707511102613 0 0   0.2072987492149382  
15 19877  0.06981054268563427 -0.09264171916548848 0  5.358160803622556 0 0   0.13522248385543  
15 19274  0.07141673113777305 -0.09140924741838233 0  5.375614096142499 0 0   0.1079419201523234  
15 19273  0.07300116536177786 -0.09014893152901128 0  5.393067388662442 0 0   0.08270604602841551  
15 19272  0.07456336272363533 -0.08886115540180418 0  5.410520681182385 0 0   0.06094989553220189  
15 19271  0.07610284736289563 -0.08754631130584435 0  5.427973973702328 0 0   0.05562308788419548  
15 19868  0.07761915033762438 -0.08620479975538059 0  5.445427266222271 0 0   0.07222475577248193  
15 19866  0.07911180976724669 -0.08483702938782671 0  5.462880558742214 0 0   0.1157951211045421  
15 19865  0.08058037097324057 -0.08344341683928655 0  5.480333851262158 0 0   0.1095586420602243  
15 19863  0.08202438661763645 -0.08202438661764259 0  5.497787143782101 0 0   0.1008728289939712  
15 19861  0.0834434168392805 -0.08058037097324684 0  5.515240436302044 0 0   0.1095075832692041  
15 19860  0.08483702938782078 -0.07911180976725304 0  5.532693728821987 0 0   0.1158680026595547  
15 19858  0.08620479975537478 -0.07761915033763084 0  5.55014702134193 0 0   0.07209485335279259  
15 19264  0.08754631130583863 -0.07610284736290221 0  5.567600313861873 0 0   0.05578444487781115  
15 19263  0.08886115540179858 -0.07456336272364199 0  5.585053606381816 0 0   0.06101795158498875  
15 19262  0.0901489315290058 -0.07300116536178464 0  5.602506898901759 0 0   0.08255200261476621  
15 19261  0.09140924741837697 -0.07141673113777992 0  5.619960191421702 0 0   0.1074944529936127  
15 19849  0.09264171916548325 -0.06981054268564123 0  5.637413483941645 0 0   0.134834304880297  
15 19847  0.09384597134749123 -0.06818308926593057 0  5.654866776461589 0 0   0.2071931066740333  
15 19846  0.09502163713752043 -0.0665348666167251 0  5.672320068981532 0 0   0.2162830836097293  
15 19844  0.09616835841638227 -0.06486637680261045 0  5.689773361501475 0 0   0.1682701260344977  
15 19842  0.09728578588166667 -0.06317812806174702 0  5.707226654021418 0 0   0.2666080655753438  
15 19256  0.09837357915414295 -0.06147063465105573 0  5.724679946541361 0 0   0.55457416312054  
15 19255  0.09943140688144263 -0.05974441668957031 0  5.742133239061304 0 0   0.6672551713428135  
15 19254  0.1004589468389925 -0.05800000000000407 0  5.759586531581247 0 0   0.6657445549974808  
15 19253  0.1014558860281676 -0.05623791594857923 0  5.77703982410119 0 0   0.6453955434959018  
15 19833  0.1024219207716333 -0.05445870128316752 0  5.794493116621133 0 0   0.6263392083401857  
15 19831  0.1033567568058485 -0.05266289796979168 0  5.811946409141076 0 0   0.3137267292321512  
15 19830  0.1042601093707013 -0.05085105302753729 0  5.82939970166102 0 0   0.2813187522359591  
15 19828  0.1051317032962494 -0.0490237183619255 0  5.846852994180963 0 0   0.3129448743540367  
15 19249  0.1059712730865398 -0.04718145059679724 0  5.864306286700906 0 0   0.4669294075371671  
15 19248  0.1067785630004812 -0.04532481090476023 0  5.881759579220849 0 0   0.5001468477338467  
15 19247  0.1075533271297455 -0.04345436483625032 0  5.899212871740792 0 0   0.5003657344568997  
15 19246  0.1082953294736737 -0.04157068214725941 0  5.916666164260735 0 0   0.4660517398533582  
15 19245  0.1090043440111637 -0.0396743366257822 0  5.934119456780678 0 0   0.2978923098761395  
15 19817  0.1096801547695191 -0.03776590591703485 0  5.951572749300621 0 0   0.1995857861142991  
15 19815  0.1103225558902363 -0.03584597134749863 0  5.969026041820564 0 0   0.2135798999448498  
15 19814  0.1109313516917107 -0.03391511774784224 0  5.986479334340507 0 0   0.2699644800851952  
15 19812  0.1115063567288436 -0.03197393327477673 0  6.00393262686045 0 0   0.3332263999960095  
15 19241  0.1120473958495306 -0.03002300923189728 0  6.021385919380394 0 0   0.3345180741484765  
15 19240  0.1125543042480144 -0.02806293988956637 0  6.038839211900337 0 0   0.3326870510021523  
15 19239  0.1130269275150862 -0.0260943223038933 0  6.05629250442028 0 0   0.2823242796901377  
15 19238  0.1134651216851204 -0.02411775613486508 0  6.073745796940223 0 0   0.156158191988931  
15 19237  0.113868753279928 -0.02213384346368424 0  6.091199089460166 0 0   0.1149961524295126  
15 19801  0.1142376993494152 -0.020143188609369 0  6.108652381980109 0 0   0.1337762799656279  
15 19799  0.1145718475090352 -0.0181463979446719 0  6.126105674500052 0 0   0.1684961723733943  
15 19798  0.1148710959740214 -0.01614407971137274 0  6.143558967019995 0 0   0.1679628588738657  
15 19796  0.1151353535903927 -0.01413684383500229 0  6.161012259539938 0 0   0.1682936642641271  
15 19233  0.1153645398627192 -0.01212530173905302 0  6.178465552059881 0 0   0.1645593323384111  
15 19232  0.115558584978642 -0.0101100661587336 0  6.195918844579825 0 0   0.1151511251549653  
15 19231  0.1157174298301392 -0.008091750954323816 0  6.213372137099768 0 0   0.04757783531266087  
15 19230  0.1158410260315303 -0.006070970924186794 0  6.230825429619711 0 0   0.01582977521300922  
15 19787  0.1159293359342149 -0.00404834161749545 0  6.248278722139654 0 0   -0.000380061605652492  
15 19785  0.1159823326381413 -0.00202447914673025 0  6.265732014659597 0 0   -9.833750975905614e-05  
15 19784  0.116 -5.385903095039835e-15 0  6.28318530717954 0 0   -3.457350625074949e-05  
